Employers!
919538300052
16816197382
19295603481
19179638200
27736002383
916305219294
919819919363
12017713297
13368980803
12342748078
15412167463
16479327932
918962059723
918806830100
16032334517
919618345533
923087992742
14079608313
12677970907
17749258664
19085037133
15125172766
19088973027
19088973496
917000615764
447418348010
447451228314
919153872607
918000928623
13253130374
15085938151
12232376677
13167344072
19088933925
19206238643
2347061079920
918097117469
17866891301
919959999904
917995633734
12265464832
16468736149
918595363450
919155694820
12135770698
13522694468
17323515201
16479771293
18599001110
12162128992
2348059321112
12167036028
15513384773
12404748093
919110332875
917849906863
13023880732
18327990342
447418374204
919966588109
13474385436
13802066196
14752617599
919100241624
15512602939
19145311688
19199497734
917660996996
918104065841
918500969797
919032296690
919052488047
919553309999
919676437576
919686852277
919848283738
919963005515
919963719070
919989091722
971529503658
12039538590
12012388795
12174680321
2349155605072
13024010418
12892039921
16729835385
18632400114
12159863109
15089742065
916287610811
12242583823
13025687317
916239975263
916378931370
13027240339
919100404577
919963596363
919676576503
16109698937
17328955537
18573811968
18623861873
19144274057
19728762945
916305344171
917200753333
918499866746
919381008256
919642729984
919700786445
919959196455
14696612186
12015603820
14693003061
17729714750
19086991638
13472034549
19179838020
919509696321
15204777171
18162945473
18165222037
12674015396
16828165445
919177132670
19132715492
919603595038
447378484972
919116937317
923438684053
13025791721
917300297770
917877900637
923040077177
918143020086
918919453703
919059799220
447418368397
447500424738
919059980702
919100684240
919618012113
919705101237
13025532710
13348954512
919618871605
13025686640
919799608871
918639884233
14406570394
14703025511
14193220859
14753088858
15107140120
919177153363
15519980184
15519981771
15714714557
16056719072
15714249596
16099689994
16127499166
16184710890
16818881422
16097858711
17033177616
17038109360
18484485076
19083319636
19735191174
19034222300
19047538858
917997033505
919000940562
919014378967
917396900915
919553806629
919985193419
919714827731
12044102934
12012326194
12522330473
12029925220
13158649530
12162246294
12897405447
61488854090
12602015472
12705992449
14693944047
16134900678
12035346329
18564543241
15317727896
14245432501
16135104379
16398529213
201097323795
18632125747
14437885843
2348121125339
18255082123
15484572030
2348122425315
61424020665
19733077097
2348085542247
15712243699
17207079871
2348169358916
919460182573
12169541477
919871981965
918121916861
12408698011
13027307740
23279804590
918919637445
13022526963
13465266877
13473865406
923020649574
14706283792
14709302022
14753029134
14754497650
14434670919
15125768287
15165953846
15512479669
15513288327
15513380731
15513445436
233272121122
15712354789
15714366142
15715199467
15513039386
15715452426
15717897721
16028628345
16036881199
14708302386
8615660204883
8801622962338
16184347953
916301831851
14846838294
16365156836
16402032840
16402045897
17097013892
17244228857
16082077919
917093218489
17322890438
917207027070
17323976966
917287898352
17324234623
17324891641
17328411426
917386333367
16672800087
18039704736
917780384951
18067308220
917814645150
18144188254
18147373412
18162171871
17182072939
18484597009
918019494084
17328109220
19372418425
19496867871
918143999038
19522218033
918328409842
918341988911
18568871326
917287953132
917675873364
917981106667
918639692579
918008433882
918008593329
918099995073
918885692095
918121155564
918340848124
918885919146
17323338881
918688082601
918977250795
918886818825
919014149607
919014205132
919030061883
919017111191
919133610738
919100688086
919173712344
919492807942
919177899562
917658904220
919505868965
919553496713
919182303131
919588052537
919380936459
919381516665
19085308617
19086560479
919676117425
19102629202
918099036306
918106758018
919573856979
919618780080
919182680404
917673981349
919963387717
919989055019
971567695245
919133547200
919392444769
919603320668
923354396287
12056010604
12165126159
12018500392
12019040245
13023007969
14783964755
12019206485
13092052311
12019362427
12034440163
13145853896
19088916665
19087204319
12036709184
12019361708
19847334050
15512278944
19293797833
13467195444
15672165649
12144277474
12163560426
92308799274220
12232849312
14099045405
14697686659
14699185641
12623738409
16188023905
2348139311891
15617779776
12168251267
919251638256
12168258268
13023679401
917410926030
13024425430
12625015112
917877536712
916289795662
17573597579
18064380199
13028986324
18162899919
13095331290
13125006849
18163094595
919158691988
917597327404
13149564265
18165629390
13025533985
18166682048
919873285279
18168135677
918100745553
18325157617
13476148921
14058712882
19132954811
14406570392
918686674427
13026025742
919602345852
19133265434
14698235320
19134247916
14704175356
19137092767
919325430844
923338275111
14843290045
19139639703
13029848158
19139806301
19139808337
919230734790
15103704841
918106513109
19203165287
19255193603
917981421578
15512295063
15512295824
13322484497
15512616177
919986821761
15073205563
233240341917
233242229324
15513478004
14086099582
15514040468
233541344074
15512207631
15512259424
15714644243
15512297099
14405338558
15715365950
15715674187
447898829917
15513444575
821046896670
8801783369412
916301216290
14845819285
916301927812
916302561429
15017647010
916302944927
916305581377
16593463128
917013556870
15104955775
917013898640
917032618952
17038433183
917036066333
17246484647
917075572021
15512290269
15512297572
917382440664
917382607154
917483512548
917569516161
17863093916
917673915986
917675953588
15513997953
917730903250
17034532874
917892542041
17034620905
15712509509
917893169200
917989804859
17039757580
15712825327
917997924782
918019375708
15715308094
918019870234
918074915614
15715312191
918099965593
918142700270
16096669169
918179030644
918185959590
918247704102
918309316637
18455183212
916377502886
918500583440
918519966456
16316722003
917670869591
918639028826
918639822912
918441074118
19172273524
918179866234
918885877210
918374646131
918377836178
918886277758
19803585234
918555089429
17323392450
918919757231
918951847353
918790414736
17327242450
919000227888
919000443229
919026549738
919014390010
919014495405
919052937940
61415674848
919030415164
916203313898
919032030250
919052967736
917019137459
18483135644
919100668367
919121621059
919440154185
919133877296
919154845154
919492503858
919182052159
18607763196
919182849207
919390430385
19085258354
919392696284
919676274347
19107561217
919502868240
919866697422
919515435953
919515986168
919533104109
19408431614
919535457494
19293283457
19452080121
919553028818
919553736513
919553815152
19727995525
919618537835
919700032674
919700372100
919701438028
919703436329
919705788717
916304146301
919848321943
919848557145
919849008741
919877487991
919908189618
919912061793
919912265891
919912581019
917661855532
919949105070
919949484344
919949541033
919959583213
919959828366
919959971903
917702227171
919999661864
919542533105
918309700969
918500091454
918686171269
918790050154
919807414219
918885232660
918885858579
918977428858
919884280599
919100422662
919381388292
919494446209
919533228709
919819987034
919848167227
919912431921
919929655514
13072789252
15624881835
2348022526070
13345913598
15629396471
13155570584
12393418811
12796007142
12029535156
14086622218
16262300167
32460247601
12016378978
14432417648
213668725463
14159127801
12167138956
12036006680
16479304621
14074332643
12012336419
13145839921
12063976226
917976282657
16574134783
16479306382
12014927191
13023676775
12169257530
2349168221501
917597326707
12016586522
12819658207
917689987550
15614632070
14157359325
12147274062
12154902421
12163562656
16789568877
18507452209
12027185565
13094454899
16132081356
22998587391
12168563299
12028026688
18154579083
201094687710
12028275289
18482377502
13377064067
13464047194
919549669030
19804752689
13464345970
918225841284
2348160177930
12036854071
918790548088
12405717362
2349127711811
12125183485
14054931260
918764922503
12144047673
14082038751
919948806000
14122514765
919030072118
14356954725
447362049451
233256268877
13023335887
12162583581
14405701565
447378497201
256782564939
12163527722
17737479504
14692601312
919263441566
17752497692
306974833165
12163560497
14696860248
13025431491
12163859396
14696864646
917737650322
919894058125
14697557974
918639105372
12167135503
919693972946
13026667790
447391624820
447405045486
12168561346
19402998869
14798008386
917003642650
916291975626
447418343853
923107061051
12174157174
15673183536
917300063548
2349073263009
13024387270
13138188997
12344059877
16304320317
916302110208
447442645549
12403095477
16605281819
447444201529
16605410952
923244716565
12405791043
16605411258
447466951436
13364560927
91987328527920
917384854372
12564680602
918094059030
447487644093
17734107105
919460209362
12676299922
8562055846215
916378850212
12678826000
447521421483
12679109560
919490580851
918005859043
918655411639
13479686874
18163287726
923219489200
13014012308
916378581350
14096001919
13022174334
18165858384
917003074782
447554026953
14348292424
919263114615
13022876396
447740965171
13022992671
18322470748
918282853103
13023679135
447747761249
13525759593
18503417580
18609318599
19132953843
917674024775
8801619110089
233245000064
918619584742
918769916564
447825419671
916303120365
19133265444
233245901405
917004645208
19133265738
447899173632
13026900122
19133266605
447899551657
19134122413
447957303892
15029390988
13028985614
19134122414
13029326677
4796014870
13029810922
19135489363
4797743348
14699209759
13095692235
19137886659
13142101959
19139632314
918247847714
13148969967
13166332549
19139805160
917009208856
13185573257
919676929575
13303894687
19139808339
919538806999
917022229911
13313042093
919921629061
15512639750
917397389092
19452089208
13464579123
233249964232
13478543237
13612289894
15168280996
14086468818
14123453450
14127571502
14147369689
15715088264
923418488997
14694381660
14704030915
6281283510064
16097215138
919509099391
905366109150
15714361357
14754411640
916300485957
233542878597
15714361461
14757669027
919616722588
233544447714
14849548958
15027161332
916304909369
919663572803
917013681992
919964503724
17035775431
15109962667
15752477180
917032805912
16026223251
15165592688
15189864548
917036184992
17244678372
917036936264
17322422836
923364964644
923368601616
917259779747
923432600603
923437860544
15512297710
917288014133
917330970803
15512601778
94764270516
17328742705
15513259110
17329089605
15513436882
917731087256
15513445295
917780357307
18043982392
17032444715
18049808406
917780409781
15516891069
15516974923
917989001338
15708152072
18167668563
917993568509
15712771867
917993638398
15713102335
15713186094
918008775695
15713523901
918019190940
17203411398
18567251499
15714365389
17325208811
15715194236
918099892109
15715235266
15715308093
918110089886
918121286223
918464858464
918121370935
15715775375
918142048041
19402056766
16099332598
918179579515
18138954945
19804231330
16104124213
918186087095
16104694017
61450778214
16107873180
918328147129
18482133396
16147876146
918341091209
16157274663
918341570349
917207809450
16178169094
917207844171
16184347954
918367755557
917287943571
18584716789
16315900554
918625947974
16363869951
918639388440
16692613967
918639794043
16692784163
917997542992
918686084356
19085238021
16825009716
918686378857
918686582383
918019200109
17033044806
918790818109
918074090699
918826181420
17034018810
918838334935
918861770352
918885792364
17038145360
918886026875
17243885943
918897232615
17323184217
918897593631
918901266365
19848373898
918688537717
919990902318
19895724895
17326149606
918978254854
918985676792
17327725452
918985896427
17328448851
919010541700
919003268336
17329827337
17329868888
17759773022
919014310346
17822341256
18034124334
18048190379
919014858525
18168125656
919160907790
18482006779
919059156644
919182288420
18482569232
919059391912
18483069439
919100331120
919334742805
18483138767
917093435125
18483917686
919100697776
18484676334
919130675859
919462566992
18563985330
917382729273
18564939411
18574006229
18578915646
919182063269
18582267825
919553960072
18602655825
919182476011
919603812439
18622359096
917989486345
19013053580
919663777887
919391836119
919603318010
919607009565
919490797566
19084171939
919494910383
19084764563
919501039614
918019433586
19084994331
919502280541
919502745178
919704591860
919505939050
19089372352
919515408939
19132020413
19132833798
919533252431
919550960099
919990902358
918124924292
19146494111
919550961027
923107480427
918125953530
19173288888
918179021832
19177031018
19199049237
919573642423
919573718637
19294017326
919573739316
19294458272
19296001078
919618232864
918688029896
19409010871
19452464517
919700810509
919701301991
19736399459
919701665008
19842457573
19843220102
919704835643
919705384415
919030905554
919738201926
916281811890
919110708927
916305967600
919912857298
919914322150
917204325834
919949036555
917396009776
917396060561
917396222000
917396306090
919951531197
919415347159
919959131340
917569173359
919959701189
919440603136
919491672477
917729033318
917799608242
917989133430
917989855567
917989881742
917995706619
918008814732
918019813687
919666700042
918099509244
918497941605
919677268993
918790908165
919010786725
919014059167
919959095933
919032767365
919052273459
919059538222
919160240010
919160925714
919182716820
919346157561
919352889745
919361203776
919390530888
919492087073
919494744581
919505694725
919542066476
919553280507
919553756756
919560102515
919573803959
919676100107
919701729823
919705474126
919705514666
919840294318
919848951569
919866648414
919908319491
919912503747
919949943494
919966021921
919985854505
966530868914
971581121946
14782879409
2347038448548
12393591970
916281770074
2347010156517
12012046113
15715194753
12567033457
916302210169
2347011354547
14038770336
2347039393199
14803266718
917092646781
2347011748413
2348152523145
15104038762
12039023144
2349157985963
12014233030
14804016344
12132951317
917093264337
12193867007
2347012579411
14379006351
447380892489
14697698099
13213624597
2349168987759
16822038378
12038433115
15616683682
14805695591
917093553735
13124043778
2347014328215
16019354851
2203192718
18168599829
16128429512
13464168088
14805842618
917337514101
13155615724
2347016588225
2349156495974
19089528025
14806799085
917386489809
2347017098505
17702026716
14807915954
917396173705
14703341338
2347019162772
2348033709020
15055855383
19785697094
13107178763
17543485619
14807916710
917416798611
917590840250
2347019710252
2348113759448
17742466546
17628429569
13213398910
16813212400
17245055991
14808035392
917680013422
15512604924
917659979978
2347019964561
23278571038
13802389311
15128502700
16026212412
917702098387
15713803320
2347030029213
2349079434073
2347037994488
16027252676
917997276686
16097912461
2347030478289
2349125209318
447958672444
18573632729
2348061316619
14803758781
17036278278
16027564184
918019774320
2347030585388
918233008966
447838550092
447859782290
16232875740
918106341503
16134007286
2347030648628
15027928413
2348140895363
15105985342
918106826926
16185569434
2347030683355
447476846870
16692914284
2347018788916
19727623120
2348175320315
8801749343094
16505865754
918142717799
16204692016
2347030799247
916303723824
916281876871
12163941358
2348184932115
8801813294365
16692409914
918374540229
16823732452
2347030809842
917023583105
916301147892
12163545669
2349014477949
19293664717
17088340116
918790115563
2347030849570
15716697937
916309826290
12163561211
2349017897377
8801938016351
15713410069
17156061111
17742534033
2347030943360
918619015206
917010427604
2349132916210
917093713999
16182511528
18453733573
918897957171
2347031104964
218910662219
917588723809
19145200501
918904790104
2347032050963
447780458252
918949085683
917736419648
16188023906
19848375809
919110308682
18324526626
2347032324262
212605586899
917780563877
12679395814
16463847563
2347063495018
919121617193
18327152265
2347032646313
27737615316
19783193120
5511994270588
17074071302
918019864505
919904033447
2348162949893
919248494886
18687976023
2347032805747
447362047477
558899564752
17169395669
2349011726460
19132138697
2347032944062
18039233630
918128052810
2347033334051
447418329490
2347036764677
919461559247
918341408553
2349157311482
19133609688
2347033712833
918456091277
17757039802
919618020923
19136362634
2347033729614
380938179864
919783298030
917691003832
918499870842
447411057810
251948998161
919829059328
19402029727
2347033926990
447915639386
233550625785
918179401662
447534393240
923076352534
2205233795
918341881548
2347033946030
447451207370
919358600370
447308186006
12675709666
447576173370
18574249244
2207457452
2347034461908
447307160988
447451225519
19417890078
447380264042
97152950365820
918780851424
19019077277
23276618441
2347034622061
447309628717
918790479272
48579213666
23276724224
2347034927074
916291975624
919990903228
918829856564
48731880395
923105975176
23279741449
2347035166202
447368906464
918886398669
13027661453
6281911961101
2347066113450
2347035354494
2348108476937
447424621398
6589215833
233200708282
2347035365996
447436208610
917012849388
2348139040189
233201184185
2347035449122
917044034447
233202650590
2347035509607
5522997552836
447438341501
13022776878
2348168289103
256702430300
233203155625
2347035596924
917300063550
919001995940
917044283332
639919129927
917034002710
8801403222437
37254898577
233203179605
2347035600901
917300063551
8801960841020
919618412424
13025532456
8801537210986
37254979396
233203610904
2347035683147
917306734447
13175003464
2349160281025
447341181792
233203792116
2347035983980
918302354631
919832603622
8801644119884
447899289953
233204911222
919625046820
2347036047475
919881471975
13025538595
8801644728869
6281563440201
233205770047
2347036116392
447438014783
919930665641
13366464652
6285733959960
233206105762
2347036336279
917073475522
8801708453268
5491125257703
77001365802
233206362906
2347036340784
918100106166
917240224197
8801712753059
61480004145
918302782965
77073470949
233207684419
2347036602772
918100400164
919443379080
13027478833
8801716638648
8801676961782
233240312297
2347037203015
447462439592
918668349594
256783931393
919810131955
923361052808
8801724404055
917386962474
886928850070
233240674276
2347037409340
919861930609
917987614945
917306473248
916281207894
917780585210
886978889527
233240820104
2347037521223
919251641505
13322501368
8801731312967
919902142308
918105425133
916300930551
233241239809
2347037740409
48729841805
447535359624
916303099338
916302779262
233241240246
2347038315492
447537166353
917439646955
13398837665
8801772543214
916303949799
919153114370
916303247544
233241277376
2347038643915
918100106172
447538184175
94706471118
917389739315
233241477524
2347039298507
447523317630
447541956740
8801780171270
918555012612
919155995035
233241615053
2347039377185
923268951580
8801789872127
919160014545
917046367779
233242769270
2347039454971
8801790203254
919247592303
917092095522
233242939214
2347039951588
918233820770
918250525900
916305323395
917559026323
13026856870
8801792579024
918686834993
919573176777
917093777960
233243034109
2347040112145
447551795664
447747063446
8801798369757
918886838333
917207108270
233243105332
2347042606579
918282853309
13027257256
8801828622212
919010636213
919951625161
917550193240
233243575068
2347043079972
447767632317
919155690515
919966060972
917559022680
233244361154
2347043092082
13027841153
8801834433501
919989881548
917600509346
233244593282
2347043357520
447770663270
14058942896
13028670286
8801849781219
919994639048
233244718149
2347043739971
447757527861
447776906583
13028676273
917680965198
2347043951476
14098966024
8801865690470
919818870720
917768826793
233245528704
2347044034430
918619810052
917736552192
8801879231158
919962895727
917795713315
2347044352887
918764471218
447887959844
2349157427413
14402316802
8801880882112
917823901733
233246264135
2347045871342
919057741775
917073950267
917851934043
233246364114
2347046008194
14847445530
8801921212061
917288975343
917877962708
233246524947
2347046889186
447897184273
14436680237
8801928632598
917389239318
918003702341
233246567761
2347049678070
8801964703307
918074662758
918003741592
233246629456
2347049764682
919205440337
14693888468
918143761428
233246897492
2347049834589
447922753366
919230734797
919230734788
8801996932686
918197433899
233246944086
2347054428243
258850405334
916230011099
919155428127
918209351268
233247086666
2347060509959
447931845630
6281372065356
916289291347
233247208142
2347060705897
447936508934
919315809710
919251648909
14752369788
919263457170
918309829992
233247535026
2347060750075
917994148076
918451913647
233247570745
2347061010800
916302645213
918465939589
233247845198
2347061070188
916376840993
919460216448
917010189306
918520013223
233248271697
2347061101948
917021856964
14754498176
916303464259
919912493346
233248947999
2347061617210
917232078030
919680493231
15512634483
233249638223
2347061718830
919696360573
14846568899
13476714938
916305533775
918688747722
233249710623
2347061783233
8801760672382
916305919850
918755842309
233249765700
2347062960167
919929557562
918778611667
233249904988
2347063691241
919883819795
918368684210
917505600825
916375965700
918855942121
2347063866774
918619481525
918072761486
15134678590
15513448266
14042474693
918903632605
233257846440
2347064288961
918971458299
233263393989
2347064398287
917013141702
918233008813
15167219711
918971912691
233265040774
2347064403556
923056505073
918427402440
14086466842
916379434344
918978617333
233265786734
2347064587714
919511119711
918766937066
918985687781
233266453713
2347064656136
918209163657
919633245458
918810541214
14104416640
917013330443
919000312693
233266565499
2347065187567
923447243337
919705016213
15713482456
919010959838
2347065223784
919912209960
919033781957
919051335523
233500023514
2347065294076
919040433380
14243462125
919106922721
233500236752
2347065362363
923104811181
919066227216
919148489627
233500942767
2347065972032
918690506826
923110760211
919082814016
919358295122
233501331863
2347066153892
919096172822
14432516471
917057856011
919372281010
233502103777
2347066302672
917076709843
919405616561
233508124161
2347066433586
917838774776
917093031390
919424890208
233540699906
2347066716254
919433124950
233540825531
2347066902669
15715985716
919481677339
233540883620
2347066929797
919324106850
917095867240
233541123186
2347067049643
919347967183
917208293378
919494953984
233541388611
2347067061447
919509206505
233541703325
2347067164765
918401306214
919442152742
919526991964
233541793465
2347067247259
918113059298
917259625748
233542311757
2347067313500
919545828778
233542714817
2347067603859
919460854729
923196795060
919573610144
2347067613679
923204161968
917340200130
919607991143
233544040288
2347068136386
919562697239
918129542069
917414031660
919618386092
2347068401666
918826667903
918129916956
917439881885
919625218494
233544559647
2347068459914
919662782273
917506641624
919640956679
233544964069
2347068636101
919729141256
919646781373
233546716198
2347068727717
233546900472
2347069078828
919068693569
919782991365
16466410089
919666632492
233546970194
2347069226938
919676953555
233548560539
2347069479470
919884370587
15716861232
16608531234
919694123876
233548564959
2347081924713
923402251226
917821917771
919700780875
233549093680
2347083461638
919701579824
233549452656
2347084226100
923018449319
919741621729
233549611387
2347085249488
923066206521
15072026976
917899616577
919840509574
233550069793
2347085289502
923101996375
917976584538
919845074504
233552535611
2347086224605
919440751153
917977590956
919892163977
233552837837
2347086546029
923339343274
919920910334
233553160397
2347086956001
923339988707
919940467383
233553802859
2347087206556
917995715702
233553881709
2347087483618
15168009233
919959473823
233554173358
2347087783596
919629732402
919962535551
233554923125
2347088643536
16106042879
918076283674
919969361083
233556274352
2347088940577
94757233171
16108025741
918090361611
919971615638
233571456544
2348021552245
919949175035
94763381997
16108971787
17324894621
919972297867
233571540743
2348023356135
919979481706
233572087263
2348023791992
919980047922
233575075685
2348025530278
923003450858
918097600434
233575522395
2348025914103
9647511595932
16189176599
918124348247
923452710442
233596803993
2348026653148
923022089029
918125978458
971568970590
2347030701706
2348026997637
9779845107222
2347031603305
2348027392769
17869307622
2347032368021
2348027538700
918547798876
17875439061
918140438801
2347035448186
2348027833753
918590289724
2347068093105
2348029218013
918590497937
16823744499
918179458962
2348062894162
2348030414523
918714117052
918184831595
2348085084966
2348030740130
918714330438
918184956499
2348097241633
2348031575185
2348103558837
2348032169190
918210342954
2349015781020
2348032494773
2349034942012
2348032965971
923461582822
918829914236
18162178823
918247684411
2349165643969
2348033035694
918247767991
237691895180
2348033183803
237696988988
2348033228715
918893169263
17156366954
18482607077
15714269879
2348033375436
18482608895
918309829022
2348033413575
17187374986
918328365963
2348033491174
2348033989936
919061224534
917989097509
2348034085771
2348034357601
919074595163
918388908505
2348034854280
15715309012
918401765191
2348035652564
918408820671
2348035810495
19143144425
2348036449453
918430907667
2348036725315
918436074015
2348036764250
2348036800773
2348037162504
2348037377122
2348037858656
918555061143
2348037916864
2348038311908
919400631088
2348038452185
918652308590
2348038524675
919496393446
16102023961
918688894080
2348038563290
919497362188
16106805675
918708468481
2348038609120
918712830590
2348038627182
8801951391939
2348038637323
16159329240
2348039141148
919538443009
2348039191540
2348039547457
919567778764
918793256460
2348039665128
16197141422
918825619962
2348039914154
2348060196064
2348060216534
919633201446
18585995302
918885523367
2348060226328
918886228122
256704681185
2348060294180
256705499608
2348060300043
256776875482
2348060400610
919645104301
918919343863
256778708066
2348060438472
919680498596
16692928731
918929690837
256787778045
2348060446342
16692929134
918929690838
25768000303
2348060652385
918977775693
34654475860
2348062083182
19089632592
919000488286
34676995366
2348062119257
19139630803
919010973507
40787595353
2348062425161
919011781060
447436717461
2348062618593
919030906517
447721594870
2348063026301
919035093103
5353530566
2348063453686
919829638003
818057259413
2348063566250
919063418011
821075645374
2348063622631
919847955320
919082402250
84325427576
2348064004153
17038140499
8613096387956
2348064008220
19452179778
17043490835
919104019480
8613734027816
2348064173845
919105079411
2348064462597
919110792891
8618652842480
2348064651380
919916235663
919116897308
8801321205450
2348064847974
919150218074
2348064974629
919154689723
2348065033159
916304082699
2348065125541
919946900944
19804231345
919160845639
916384114469
2348065227640
919176030051
2348065248705
918725989949
917093080496
2348065263604
2348065545562
918790658214
919182979765
2348065789687
2348066190787
918919103546
917330924197
2348066373394
919391561354
917337345492
2348066423788
2348066720358
919014251306
919398310716
917550202346
2348067216493
917670870541
2348067328256
919403315405
917673915985
2348067656974
919409352318
917675953446
2348067768949
919427640716
917760394641
2348067831937
919427738797
2348068432520
919053192916
917780630283
2348068451742
18067307559
919441137267
917793918578
2348068501517
919445570605
917799009203
2348068570268
917799220044
2348068707462
916306254835
919182074710
917799417688
2348069122602
917799436559
2348069265857
919182579184
919479124195
917989125903
2348069571328
919321955590
919490120120
2348069638087
919490190114
917997411606
2348069669066
919491537378
2348072933362
919381922644
919494542654
918019608608
2348074201677
919392445542
918125456969
2348075008268
918143888678
2348075413885
919505332971
2348078679298
919492463597
918184957917
2348080115164
918186908101
2348080802658
917601095060
919515819787
918197687395
2348081060847
919535981189
918247808933
2348081134995
919550369284
918328409404
2348082023812
2348083388756
918340099606
2348085841332
919573696729
918341285104
2348085857514
919581737533
2348086535386
917985749117
918374107353
2348088698487
919599875162
918374452451
2348089096202
919599924232
918374600676
2348089577552
919666196969
918374809340
2348089732702
918008390980
918465913440
2348089770435
918501992074
2348092771385
918019402025
919618284867
918555955673
2348094049780
919624308511
918639049578
2348095660066
19163421989
919633255121
2348096353448
918096536904
19195371580
918686978399
2348100285401
918688869206
2348100346883
918712148729
2348100610791
919664697702
2348100652521
2348100890301
918897933475
2348100938688
918919527447
2348101748014
919813386362
2348101831403
919645504770
919818635484
918978986047
2348101868686
19454002478
919825284320
918978987915
2348101892045
918125195220
919827449667
918985685575
2348101915695
923400234191
919866044480
2348102322213
923407911924
919014196394
2348102681476
2348102842748
2348103182176
971528175839
19729005922
99470978070520
2348103248045
919032518041
2348103420345
971556717630
919904148557
919059141973
2348103515304
918501831022
919904221115
2348104042681
919946599531
2348104045603
919948999889
919121368461
2348104745995
919154745746
2348105034682
919980107380
919666321274
2348105053637
8801722156711
919980354254
2348105219855
919182486831
2348105310200
919989103678
919182826704
2348105324214
919989217206
919533908001
919182940771
2348105405466
919989355384
919347334791
2348105722187
2348106164194
919997439430
2348106187437
923023798968
919703650602
919381548054
2348106191309
919000885743
923039908338
919381598525
2348106327726
923048480236
919390001909
2348106683553
923084300940
919398354845
2348106895752
923087039264
919398536260
2348107686870
923101024466
919398608098
2348108339530
917338709726
919398921865
2348108577122
923124496788
919440748072
2348108785128
919076251778
917386079958
919441778185
2348109370927
923137969642
919491783138
2348109472052
919100724092
923153657839
919494997870
2348109898459
917416572899
923159680347
919502554882
2348117388691
923174724313
919505865042
2348120586696
923214513634
919533601642
2348122053665
923267610054
919550117559
2348122079475
923331543550
919550587765
2348123076025
923335934074
2348123426307
919553854912
2348125141839
919376224197
2348125486993
917675832881
923352855321
919618191364
2348125526384
919398565754
923364616983
919618310953
2348126799744
2348126952168
919640088671
2348127492433
919440415222
919652017851
2348127643874
919666092235
2348130058549
971552247527
2348130099106
919491162633
919676152780
2348130288071
919676612995
2348130416160
9779812670906
919700886971
2348130471513
919502080292
2348130588643
9779847261544
919948157542
2348130888082
9779848033333
919949119009
2348130923436
919959616464
2348130996390
9779849148924
919959931487
2348131098822
9779857012106
2348131219527
2348131245230
2348131286329
919640830183
919999935154
2348131651810
923331742653
2348131914360
971543796925
2348132042059
2348132136868
918179129466
9779812316424
2348132432452
9779818397315
2348132556477
9779861707108
2348133659335
2348133712822
2348133721746
2348134004020
2348134708380
2348135176676
919773503245
2348135184099
2348135765677
918463950833
2348135852594
919848657592
2348136519153
2348136670312
2348136777159
2348137782832
919908997995
2348137849979
918522958844
2348138063204
2348138146407
918555800794
2348138433019
2348138662043
2348138853852
2348139394085
2348139518650
2348140237875
2348140289848
2348140305250
2348140784379
918897198687
2348140831282
2348141299827
918985619217
2348141624297
919000316969
2348141647653
2348141672716
2348141806699
919014045484
2348142373198
2348143293777
2348143421612
2348143680615
2348144001416
2348144305899
2348144315845
2348144388584
2348144538705
2348144546377
2348144881477
2348145138108
2348145163262
2348145275676
2348145352168
2348145355355
2348145357580
2348145515714
2348145866628
2348146064887
2348146096081
2348146309693
2348147441072
919398376659
2348147484123
2348147827920
2348148050471
2348148064291
2348148157633
2348148181582
2348148197320
2348148405258
2348148574900
2348148593437
2348148880647
2348148889119
2348149142016
2348149201362
2348149535954
919502319219
2348149646767
2348149835918
2348149968223
919553173466
2348154009704
2348155850935
2348160238994
2348160322252
2348160625381
919603258392
2348160823052
2348160988492
2348161200698
2348161701013
919603998860
2348162231541
2348162498889
2348162579815
994555013595
919652331596
2348162936681
2348163382216
2348163383975
2348163385484
2348163508448
2348163690835
2348164073566
2348164214092
2348164302846
2348164539011
919704364494
2348164541430
2348164574466
2348164975343
2348165125101
2348165208141
2348165231852
2348165455324
919848669375
2348165550061
2348165715893
919885732345
2348165746504
2348165776501
919951411809
2348165873589
919951837076
2348166091157
2348166176185
2348166940837
2348167273089
2348167886680
2348168266720
2348168599168
2348168760251
919971028391
2348168791869
919985853432
2348169181708
2348169389435
2348169422103
2348169700015
2348173373855
2348174896112
2348175560834
2348182871489
2348185916924
2348186742316
2348189095164
2349011786325
2349011936598
2349013577854
2349013883120
2349016186832
2349016795379
2349017320445
2349018188842
2349018498049
2349019044178
2349019752554
2349020294325
2349021000885
2349021407551
2349021818851
2349022846998
2349022919953
2349023044469
2349023877410
2349024150079
2349024755626
2349024908790
2349026771688
2349027027837
2349027408004
2349028378241
2349028967975
2349029630162
2349029985149
2349030064286
2349030291020
2349030333322
2349030458499
2349030490677
2349031224096
2349031363611
2349031601358
2349031935904
2349031994950
2349032267961
2349032358221
2349032366060
2349032511394
2349032557259
2349032875844
2349032963958
2349033007130
2349033192757
2349033232858
2349033382784
2349033384816
2349034882556
2349036134641
2349036664714
2349036719971
2349036789086
2349036937764
2349037003365
2349038525100
2349038745994
2349039739996
2349043279960
2349043411806
2349043722560
2349047380590
2349048164430
2349049210673
2349050050027
2349054806412
2349060180236
2349060199708
2349060401035
2349060442430
2349060905393
2349061834791
2349061923661
2349063205250
2349063229092
2349063236099
2349063764160
2349064242107
2349064466370
2349064501334
2349065087076
2349065479190
2349065674951
2349066165755
2349066374589
2349066604948
2349066711264
2349066798951
2349066867654
2349066900599
2349068007054
2349068342821
2349069339003
2349069566912
2349070893853
2349071378030
2349072074725
2349072120906
2349073310644
2349073501873
2349073600035
2349074322812
2349075672778
2349075838149
2349076094047
2349076475278
2349077090968
2349077403056
2349077669387
2349077700766
2349077895002
2349078485581
2349078701780
2349078780578
2349085869003
2349094711595
2349120998537
2349121685200
2349122185792
2349122515958
2349123586865
2349128586958
2349129256062
2349130329654
2349130742241
2349133651555
2349135661423
2349136366454
2349137904958
2349153704384
2349155847250
2349160030100
2349161834189
2349163478854
2349164051315
2349165751066
919538300052
16816197382
19295603481
19179638200
27736002383
916305219294
919819919363
12017713297
13368980803
12342748078
15412167463
16479327932
918962059723
918806830100
16032334517
919618345533
923087992742
14079608313
12677970907
17749258664
19085037133
15125172766
19088973027
19088973496
917000615764
447418348010
447451228314
919153872607
918000928623
13253130374
15085938151
12232376677
13167344072
19088933925
19206238643
2347061079920
918097117469
17866891301
919959999904
917995633734
12265464832
16468736149
918595363450
919155694820
12135770698
13522694468
17323515201
16479771293
18599001110
12162128992
2348059321112
12167036028
15513384773
12404748093
919110332875
917849906863
13023880732
18327990342
447418374204
919966588109
13474385436
13802066196
14752617599
919100241624
15512602939
19145311688
19199497734
917660996996
918104065841
918500969797
919032296690
919052488047
919553309999
919676437576
919686852277
919848283738
919963005515
919963719070
919989091722
971529503658
12039538590
12012388795
12174680321
2349155605072
13024010418
12892039921
16729835385
18632400114
12159863109
15089742065
916287610811
12242583823
13025687317
916239975263
916378931370
13027240339
919100404577
919963596363
919676576503
16109698937
17328955537
18573811968
18623861873
19144274057
19728762945
916305344171
917200753333
918499866746
919381008256
919642729984
919700786445
919959196455
14696612186
12015603820
14693003061
17729714750
19086991638
13472034549
19179838020
919509696321
15204777171
18162945473
18165222037
12674015396
16828165445
919177132670
19132715492
919603595038
447378484972
919116937317
923438684053
13025791721
917300297770
917877900637
923040077177
918143020086
918919453703
919059799220
447418368397
447500424738
919059980702
919100684240
919618012113
919705101237
13025532710
13348954512
919618871605
13025686640
919799608871
918639884233
14406570394
14703025511
14193220859
14753088858
15107140120
919177153363
15519980184
15519981771
15714714557
16056719072
15714249596
16099689994
16127499166
16184710890
16818881422
16097858711
17033177616
17038109360
18484485076
19083319636
19735191174
19034222300
19047538858
917997033505
919000940562
919014378967
917396900915
919553806629
919985193419
919714827731
12044102934
12012326194
12522330473
12029925220
13158649530
12162246294
12897405447
61488854090
12602015472
12705992449
14693944047
16134900678
12035346329
18564543241
15317727896
14245432501
16135104379
16398529213
201097323795
18632125747
14437885843
2348121125339
18255082123
15484572030
2348122425315
61424020665
19733077097
2348085542247
15712243699
17207079871
2348169358916
919460182573
12169541477
919871981965
918121916861
12408698011
13027307740
23279804590
918919637445
13022526963
13465266877
13473865406
923020649574
14706283792
14709302022
14753029134
14754497650
14434670919
15125768287
15165953846
15512479669
15513288327
15513380731
15513445436
233272121122
15712354789
15714366142
15715199467
15513039386
15715452426
15717897721
16028628345
16036881199
14708302386
8615660204883
8801622962338
16184347953
916301831851
14846838294
16365156836
16402032840
16402045897
17097013892
17244228857
16082077919
917093218489
17322890438
917207027070
17323976966
917287898352
17324234623
17324891641
17328411426
917386333367
16672800087
18039704736
917780384951
18067308220
917814645150
18144188254
18147373412
18162171871
17182072939
18484597009
918019494084
17328109220
19372418425
19496867871
918143999038
19522218033
918328409842
918341988911
18568871326
917287953132
917675873364
917981106667
918639692579
918008433882
918008593329
918099995073
918885692095
918121155564
918340848124
918885919146
17323338881
918688082601
918977250795
918886818825
919014149607
919014205132
919030061883
919017111191
919133610738
919100688086
919173712344
919492807942
919177899562
917658904220
919505868965
919553496713
919182303131
919588052537
919380936459
919381516665
19085308617
19086560479
919676117425
19102629202
918099036306
918106758018
919573856979
919618780080
919182680404
917673981349
919963387717
919989055019
971567695245
919133547200
919392444769
919603320668
923354396287
12056010604
12165126159
12018500392
12019040245
13023007969
14783964755
12019206485
13092052311
12019362427
12034440163
13145853896
19088916665
19087204319
12036709184
12019361708
19847334050
15512278944
19293797833
13467195444
15672165649
12144277474
12163560426
92308799274220
12232849312
14099045405
14697686659
14699185641
12623738409
16188023905
2348139311891
15617779776
12168251267
919251638256
12168258268
13023679401
917410926030
13024425430
12625015112
917877536712
916289795662
17573597579
18064380199
13028986324
18162899919
13095331290
13125006849
18163094595
919158691988
917597327404
13149564265
18165629390
13025533985
18166682048
919873285279
18168135677
918100745553
18325157617
13476148921
14058712882
19132954811
14406570392
918686674427
13026025742
919602345852
19133265434
14698235320
19134247916
14704175356
19137092767
919325430844
923338275111
14843290045
19139639703
13029848158
19139806301
19139808337
919230734790
15103704841
918106513109
19203165287
19255193603
917981421578
15512295063
15512295824
13322484497
15512616177
919986821761
15073205563
233240341917
233242229324
15513478004
14086099582
15514040468
233541344074
15512207631
15512259424
15714644243
15512297099
14405338558
15715365950
15715674187
447898829917
15513444575
821046896670
8801783369412
916301216290
14845819285
916301927812
916302561429
15017647010
916302944927
916305581377
16593463128
917013556870
15104955775
917013898640
917032618952
17038433183
917036066333
17246484647
917075572021
15512290269
15512297572
917382440664
917382607154
917483512548
917569516161
17863093916
917673915986
917675953588
15513997953
917730903250
17034532874
917892542041
17034620905
15712509509
917893169200
917989804859
17039757580
15712825327
917997924782
918019375708
15715308094
918019870234
918074915614
15715312191
918099965593
918142700270
16096669169
918179030644
918185959590
918247704102
918309316637
18455183212
916377502886
918500583440
918519966456
16316722003
917670869591
918639028826
918639822912
918441074118
19172273524
918179866234
918885877210
918374646131
918377836178
918886277758
19803585234
918555089429
17323392450
918919757231
918951847353
918790414736
17327242450
919000227888
919000443229
919026549738
919014390010
919014495405
919052937940
61415674848
919030415164
916203313898
919032030250
919052967736
917019137459
18483135644
919100668367
919121621059
919440154185
919133877296
919154845154
919492503858
919182052159
18607763196
919182849207
919390430385
19085258354
919392696284
919676274347
19107561217
919502868240
919866697422
919515435953
919515986168
919533104109
19408431614
919535457494
19293283457
19452080121
919553028818
919553736513
919553815152
19727995525
919618537835
919700032674
919700372100
919701438028
919703436329
919705788717
916304146301
919848321943
919848557145
919849008741
919877487991
919908189618
919912061793
919912265891
919912581019
917661855532
919949105070
919949484344
919949541033
919959583213
919959828366
919959971903
917702227171
919999661864
919542533105
918309700969
918500091454
918686171269
918790050154
919807414219
918885232660
918885858579
918977428858
919884280599
919100422662
919381388292
919494446209
919533228709
919819987034
919848167227
919912431921
919929655514
13072789252
15624881835
2348022526070
13345913598
15629396471
13155570584
12393418811
12796007142
12029535156
14086622218
16262300167
32460247601
12016378978
14432417648
213668725463
14159127801
12167138956
12036006680
16479304621
14074332643
12012336419
13145839921
12063976226
917976282657
16574134783
16479306382
12014927191
13023676775
12169257530
2349168221501
917597326707
12016586522
12819658207
917689987550
15614632070
14157359325
12147274062
12154902421
12163562656
16789568877
18507452209
12027185565
13094454899
16132081356
22998587391
12168563299
12028026688
18154579083
201094687710
12028275289
18482377502
13377064067
13464047194
919549669030
19804752689
13464345970
918225841284
2348160177930
12036854071
918790548088
12405717362
2349127711811
12125183485
14054931260
918764922503
12144047673
14082038751
919948806000
14122514765
919030072118
14356954725
447362049451
233256268877
13023335887
12162583581
14405701565
447378497201
256782564939
12163527722
17737479504
14692601312
919263441566
17752497692
306974833165
12163560497
14696860248
13025431491
12163859396
14696864646
917737650322
919894058125
14697557974
918639105372
12167135503
919693972946
13026667790
447391624820
447405045486
12168561346
19402998869
14798008386
917003642650
916291975626
447418343853
923107061051
12174157174
15673183536
917300063548
2349073263009
13024387270
13138188997
12344059877
16304320317
916302110208
447442645549
12403095477
16605281819
447444201529
16605410952
923244716565
12405791043
16605411258
447466951436
13364560927
91987328527920
917384854372
12564680602
918094059030
447487644093
17734107105
919460209362
12676299922
8562055846215
916378850212
12678826000
447521421483
12679109560
919490580851
918005859043
918655411639
13479686874
18163287726
923219489200
13014012308
916378581350
14096001919
13022174334
18165858384
917003074782
447554026953
14348292424
919263114615
13022876396
447740965171
13022992671
18322470748
918282853103
13023679135
447747761249
13525759593
18503417580
18609318599
19132953843
917674024775
8801619110089
233245000064
918619584742
918769916564
447825419671
916303120365
19133265444
233245901405
917004645208
19133265738
447899173632
13026900122
19133266605
447899551657
19134122413
447957303892
15029390988
13028985614
19134122414
13029326677
4796014870
13029810922
19135489363
4797743348
14699209759
13095692235
19137886659
13142101959
19139632314
918247847714
13148969967
13166332549
19139805160
917009208856
13185573257
919676929575
13303894687
19139808339
919538806999
917022229911
13313042093
919921629061
15512639750
917397389092
19452089208
13464579123
233249964232
13478543237
13612289894
15168280996
14086468818
14123453450
14127571502
14147369689
15715088264
923418488997
14694381660
14704030915
6281283510064
16097215138
919509099391
905366109150
15714361357
14754411640
916300485957
233542878597
15714361461
14757669027
919616722588
233544447714
14849548958
15027161332
916304909369
919663572803
917013681992
919964503724
17035775431
15109962667
15752477180
917032805912
16026223251
15165592688
15189864548
917036184992
17244678372
917036936264
17322422836
923364964644
923368601616
917259779747
923432600603
923437860544
15512297710
917288014133
917330970803
15512601778
94764270516
17328742705
15513259110
17329089605
15513436882
917731087256
15513445295
917780357307
18043982392
17032444715
18049808406
917780409781
15516891069
15516974923
917989001338
15708152072
18167668563
917993568509
15712771867
917993638398
15713102335
15713186094
918008775695
15713523901
918019190940
17203411398
18567251499
15714365389
17325208811
15715194236
918099892109
15715235266
15715308093
918110089886
918121286223
918464858464
918121370935
15715775375
918142048041
19402056766
16099332598
918179579515
18138954945
19804231330
16104124213
918186087095
16104694017
61450778214
16107873180
918328147129
18482133396
16147876146
918341091209
16157274663
918341570349
917207809450
16178169094
917207844171
16184347954
918367755557
917287943571
18584716789
16315900554
918625947974
16363869951
918639388440
16692613967
918639794043
16692784163
917997542992
918686084356
19085238021
16825009716
918686378857
918686582383
918019200109
17033044806
918790818109
918074090699
918826181420
17034018810
918838334935
918861770352
918885792364
17038145360
918886026875
17243885943
918897232615
17323184217
918897593631
918901266365
19848373898
918688537717
919990902318
19895724895
17326149606
918978254854
918985676792
17327725452
918985896427
17328448851
919010541700
919003268336
17329827337
17329868888
17759773022
919014310346
17822341256
18034124334
18048190379
919014858525
18168125656
919160907790
18482006779
919059156644
919182288420
18482569232
919059391912
18483069439
919100331120
919334742805
18483138767
917093435125
18483917686
919100697776
18484676334
919130675859
919462566992
18563985330
917382729273
18564939411
18574006229
18578915646
919182063269
18582267825
919553960072
18602655825
919182476011
919603812439
18622359096
917989486345
19013053580
919663777887
919391836119
919603318010
919607009565
919490797566
19084171939
919494910383
19084764563
919501039614
918019433586
19084994331
919502280541
919502745178
919704591860
919505939050
19089372352
919515408939
19132020413
19132833798
919533252431
919550960099
919990902358
918124924292
19146494111
919550961027
923107480427
918125953530
19173288888
918179021832
19177031018
19199049237
919573642423
919573718637
19294017326
919573739316
19294458272
19296001078
919618232864
918688029896
19409010871
19452464517
919700810509
919701301991
19736399459
919701665008
19842457573
19843220102
919704835643
919705384415
919030905554
919738201926
916281811890
919110708927
916305967600
919912857298
919914322150
917204325834
919949036555
917396009776
917396060561
917396222000
917396306090
919951531197
919415347159
919959131340
917569173359
919959701189
919440603136
919491672477
917729033318
917799608242
917989133430
917989855567
917989881742
917995706619
918008814732
918019813687
919666700042
918099509244
918497941605
919677268993
918790908165
919010786725
919014059167
919959095933
919032767365
919052273459
919059538222
919160240010
919160925714
919182716820
919346157561
919352889745
919361203776
919390530888
919492087073
919494744581
919505694725
919542066476
919553280507
919553756756
919560102515
919573803959
919676100107
919701729823
919705474126
919705514666
919840294318
919848951569
919866648414
919908319491
919912503747
919949943494
919966021921
919985854505
966530868914
971581121946
14782879409
2347038448548
12393591970
916281770074
2347010156517
12012046113
15715194753
12567033457
916302210169
2347011354547
14038770336
2347039393199
14803266718
917092646781
2347011748413
2348152523145
15104038762
12039023144
2349157985963
12014233030
14804016344
12132951317
917093264337
12193867007
2347012579411
14379006351
447380892489
14697698099
13213624597
2349168987759
16822038378
12038433115
15616683682
14805695591
917093553735
13124043778
2347014328215
16019354851
2203192718
18168599829
16128429512
13464168088
14805842618
917337514101
13155615724
2347016588225
2349156495974
19089528025
14806799085
917386489809
2347017098505
17702026716
14807915954
917396173705
14703341338
2347019162772
2348033709020
15055855383
19785697094
13107178763
17543485619
14807916710
917416798611
917590840250
2347019710252
2348113759448
17742466546
17628429569
13213398910
16813212400
17245055991
14808035392
917680013422
15512604924
917659979978
2347019964561
23278571038
13802389311
15128502700
16026212412
917702098387
15713803320
2347030029213
2349079434073
2347037994488
16027252676
917997276686
16097912461
2347030478289
2349125209318
447958672444
18573632729
2348061316619
14803758781
17036278278
16027564184
918019774320
2347030585388
918233008966
447838550092
447859782290
16232875740
918106341503
16134007286
2347030648628
15027928413
2348140895363
15105985342
918106826926
16185569434
2347030683355
447476846870
16692914284
2347018788916
19727623120
2348175320315
8801749343094
16505865754
918142717799
16204692016
2347030799247
916303723824
916281876871
12163941358
2348184932115
8801813294365
16692409914
918374540229
16823732452
2347030809842
917023583105
916301147892
12163545669
2349014477949
19293664717
17088340116
918790115563
2347030849570
15716697937
916309826290
12163561211
2349017897377
8801938016351
15713410069
17156061111
17742534033
2347030943360
918619015206
917010427604
2349132916210
917093713999
16182511528
18453733573
918897957171
2347031104964
218910662219
917588723809
19145200501
918904790104
2347032050963
447780458252
918949085683
917736419648
16188023906
19848375809
919110308682
18324526626
2347032324262
212605586899
917780563877
12679395814
16463847563
2347063495018
919121617193
18327152265
2347032646313
27737615316
19783193120
5511994270588
17074071302
918019864505
919904033447
2348162949893
919248494886
18687976023
2347032805747
447362047477
558899564752
17169395669
2349011726460
19132138697
2347032944062
18039233630
918128052810
2347033334051
447418329490
2347036764677
919461559247
918341408553
2349157311482
19133609688
2347033712833
918456091277
17757039802
919618020923
19136362634
2347033729614
380938179864
919783298030
917691003832
918499870842
447411057810
251948998161
919829059328
19402029727
2347033926990
447915639386
233550625785
918179401662
447534393240
923076352534
2205233795
918341881548
2347033946030
447451207370
919358600370
447308186006
12675709666
447576173370
18574249244
2207457452
2347034461908
447307160988
447451225519
19417890078
447380264042
97152950365820
918780851424
19019077277
23276618441
2347034622061
447309628717
918790479272
48579213666
23276724224
2347034927074
916291975624
919990903228
918829856564
48731880395
923105975176
23279741449
2347035166202
447368906464
918886398669
13027661453
6281911961101
2347066113450
2347035354494
2348108476937
447424621398
6589215833
233200708282
2347035365996
447436208610
917012849388
2348139040189
233201184185
2347035449122
917044034447
233202650590
2347035509607
5522997552836
447438341501
13022776878
2348168289103
256702430300
233203155625
2347035596924
917300063550
919001995940
917044283332
639919129927
917034002710
8801403222437
37254898577
233203179605
2347035600901
917300063551
8801960841020
919618412424
13025532456
8801537210986
37254979396
233203610904
2347035683147
917306734447
13175003464
2349160281025
447341181792
233203792116
2347035983980
918302354631
919832603622
8801644119884
447899289953
233204911222
919625046820
2347036047475
919881471975
13025538595
8801644728869
6281563440201
233205770047
2347036116392
447438014783
919930665641
13366464652
6285733959960
233206105762
2347036336279
917073475522
8801708453268
5491125257703
77001365802
233206362906
2347036340784
918100106166
917240224197
8801712753059
61480004145
918302782965
77073470949
233207684419
2347036602772
918100400164
919443379080
13027478833
8801716638648
8801676961782
233240312297
2347037203015
447462439592
918668349594
256783931393
919810131955
923361052808
8801724404055
917386962474
886928850070
233240674276
2347037409340
919861930609
917987614945
917306473248
916281207894
917780585210
886978889527
233240820104
2347037521223
919251641505
13322501368
8801731312967
919902142308
918105425133
916300930551
233241239809
2347037740409
48729841805
447535359624
916303099338
916302779262
233241240246
2347038315492
447537166353
917439646955
13398837665
8801772543214
916303949799
919153114370
916303247544
233241277376
2347038643915
918100106172
447538184175
94706471118
917389739315
233241477524
2347039298507
447523317630
447541956740
8801780171270
918555012612
919155995035
233241615053
2347039377185
923268951580
8801789872127
919160014545
917046367779
233242769270
2347039454971
8801790203254
919247592303
917092095522
233242939214
2347039951588
918233820770
918250525900
916305323395
917559026323
13026856870
8801792579024
918686834993
919573176777
917093777960
233243034109
2347040112145
447551795664
447747063446
8801798369757
918886838333
917207108270
233243105332
2347042606579
918282853309
13027257256
8801828622212
919010636213
919951625161
917550193240
233243575068
2347043079972
447767632317
919155690515
919966060972
917559022680
233244361154
2347043092082
13027841153
8801834433501
919989881548
917600509346
233244593282
2347043357520
447770663270
14058942896
13028670286
8801849781219
919994639048
233244718149
2347043739971
447757527861
447776906583
13028676273
917680965198
2347043951476
14098966024
8801865690470
919818870720
917768826793
233245528704
2347044034430
918619810052
917736552192
8801879231158
919962895727
917795713315
2347044352887
918764471218
447887959844
2349157427413
14402316802
8801880882112
917823901733
233246264135
2347045871342
919057741775
917073950267
917851934043
233246364114
2347046008194
14847445530
8801921212061
917288975343
917877962708
233246524947
2347046889186
447897184273
14436680237
8801928632598
917389239318
918003702341
233246567761
2347049678070
8801964703307
918074662758
918003741592
233246629456
2347049764682
919205440337
14693888468
918143761428
233246897492
2347049834589
447922753366
919230734797
919230734788
8801996932686
918197433899
233246944086
2347054428243
258850405334
916230011099
919155428127
918209351268
233247086666
2347060509959
447931845630
6281372065356
916289291347
233247208142
2347060705897
447936508934
919315809710
919251648909
14752369788
919263457170
918309829992
233247535026
2347060750075
917994148076
918451913647
233247570745
2347061010800
916302645213
918465939589
233247845198
2347061070188
916376840993
919460216448
917010189306
918520013223
233248271697
2347061101948
917021856964
14754498176
916303464259
919912493346
233248947999
2347061617210
917232078030
919680493231
15512634483
233249638223
2347061718830
919696360573
14846568899
13476714938
916305533775
918688747722
233249710623
2347061783233
8801760672382
916305919850
918755842309
233249765700
2347062960167
919929557562
918778611667
233249904988
2347063691241
919883819795
918368684210
917505600825
916375965700
918855942121
2347063866774
918619481525
918072761486
15134678590
15513448266
14042474693
918903632605
233257846440
2347064288961
918971458299
233263393989
2347064398287
917013141702
918233008813
15167219711
918971912691
233265040774
2347064403556
923056505073
918427402440
14086466842
916379434344
918978617333
233265786734
2347064587714
919511119711
918766937066
918985687781
233266453713
2347064656136
918209163657
919633245458
918810541214
14104416640
917013330443
919000312693
233266565499
2347065187567
923447243337
919705016213
15713482456
919010959838
2347065223784
919912209960
919033781957
919051335523
233500023514
2347065294076
919040433380
14243462125
919106922721
233500236752
2347065362363
923104811181
919066227216
919148489627
233500942767
2347065972032
918690506826
923110760211
919082814016
919358295122
233501331863
2347066153892
919096172822
14432516471
917057856011
919372281010
233502103777
2347066302672
917076709843
919405616561
233508124161
2347066433586
917838774776
917093031390
919424890208
233540699906
2347066716254
919433124950
233540825531
2347066902669
15715985716
919481677339
233540883620
2347066929797
919324106850
917095867240
233541123186
2347067049643
919347967183
917208293378
919494953984
233541388611
2347067061447
919509206505
233541703325
2347067164765
918401306214
919442152742
919526991964
233541793465
2347067247259
918113059298
917259625748
233542311757
2347067313500
919545828778
233542714817
2347067603859
919460854729
923196795060
919573610144
2347067613679
923204161968
917340200130
919607991143
233544040288
2347068136386
919562697239
918129542069
917414031660
919618386092
2347068401666
918826667903
918129916956
917439881885
919625218494
233544559647
2347068459914
919662782273
917506641624
919640956679
233544964069
2347068636101
919729141256
919646781373
233546716198
2347068727717
233546900472
2347069078828
919068693569
919782991365
16466410089
919666632492
233546970194
2347069226938
919676953555
233548560539
2347069479470
919884370587
15716861232
16608531234
919694123876
233548564959
2347081924713
923402251226
917821917771
919700780875
233549093680
2347083461638
919701579824
233549452656
2347084226100
923018449319
919741621729
233549611387
2347085249488
923066206521
15072026976
917899616577
919840509574
233550069793
2347085289502
923101996375
917976584538
919845074504
233552535611
2347086224605
919440751153
917977590956
919892163977
233552837837
2347086546029
923339343274
919920910334
233553160397
2347086956001
923339988707
919940467383
233553802859
2347087206556
917995715702
233553881709
2347087483618
15168009233
919959473823
233554173358
2347087783596
919629732402
919962535551
233554923125
2347088643536
16106042879
918076283674
919969361083
233556274352
2347088940577
94757233171
16108025741
918090361611
919971615638
233571456544
2348021552245
919949175035
94763381997
16108971787
17324894621
919972297867
233571540743
2348023356135
919979481706
233572087263
2348023791992
919980047922
233575075685
2348025530278
923003450858
918097600434
233575522395
2348025914103
9647511595932
16189176599
918124348247
923452710442
233596803993
2348026653148
923022089029
918125978458
971568970590
2347030701706
2348026997637
9779845107222
2347031603305
2348027392769
17869307622
2347032368021
2348027538700
918547798876
17875439061
918140438801
2347035448186
2348027833753
918590289724
2347068093105
2348029218013
918590497937
16823744499
918179458962
2348062894162
2348030414523
918714117052
918184831595
2348085084966
2348030740130
918714330438
918184956499
2348097241633
2348031575185
2348103558837
2348032169190
918210342954
2349015781020
2348032494773
2349034942012
2348032965971
923461582822
918829914236
18162178823
918247684411
2349165643969
2348033035694
918247767991
237691895180
2348033183803
237696988988
2348033228715
918893169263
17156366954
18482607077
15714269879
2348033375436
18482608895
918309829022
2348033413575
17187374986
918328365963
2348033491174
2348033989936
919061224534
917989097509
2348034085771
2348034357601
919074595163
918388908505
2348034854280
15715309012
918401765191
2348035652564
918408820671
2348035810495
19143144425
2348036449453
918430907667
2348036725315
918436074015
2348036764250
2348036800773
2348037162504
2348037377122
2348037858656
918555061143
2348037916864
2348038311908
919400631088
2348038452185
918652308590
2348038524675
919496393446
16102023961
918688894080
2348038563290
919497362188
16106805675
918708468481
2348038609120
918712830590
2348038627182
8801951391939
2348038637323
16159329240
2348039141148
919538443009
2348039191540
2348039547457
919567778764
918793256460
2348039665128
16197141422
918825619962
2348039914154
2348060196064
2348060216534
919633201446
18585995302
918885523367
2348060226328
918886228122
256704681185
2348060294180
256705499608
2348060300043
256776875482
2348060400610
919645104301
918919343863
256778708066
2348060438472
919680498596
16692928731
918929690837
256787778045
2348060446342
16692929134
918929690838
25768000303
2348060652385
918977775693
34654475860
2348062083182
19089632592
919000488286
34676995366
2348062119257
19139630803
919010973507
40787595353
2348062425161
919011781060
447436717461
2348062618593
919030906517
447721594870
2348063026301
919035093103
5353530566
2348063453686
919829638003
818057259413
2348063566250
919063418011
821075645374
2348063622631
919847955320
919082402250
84325427576
2348064004153
17038140499
8613096387956
2348064008220
19452179778
17043490835
919104019480
8613734027816
2348064173845
919105079411
2348064462597
919110792891
8618652842480
2348064651380
919916235663
919116897308
8801321205450
2348064847974
919150218074
2348064974629
919154689723
2348065033159
916304082699
2348065125541
919946900944
19804231345
919160845639
916384114469
2348065227640
919176030051
2348065248705
918725989949
917093080496
2348065263604
2348065545562
918790658214
919182979765
2348065789687
2348066190787
918919103546
917330924197
2348066373394
919391561354
917337345492
2348066423788
2348066720358
919014251306
919398310716
917550202346
2348067216493
917670870541
2348067328256
919403315405
917673915985
2348067656974
919409352318
917675953446
2348067768949
919427640716
917760394641
2348067831937
919427738797
2348068432520
919053192916
917780630283
2348068451742
18067307559
919441137267
917793918578
2348068501517
919445570605
917799009203
2348068570268
917799220044
2348068707462
916306254835
919182074710
917799417688
2348069122602
917799436559
2348069265857
919182579184
919479124195
917989125903
2348069571328
919321955590
919490120120
2348069638087
919490190114
917997411606
2348069669066
919491537378
2348072933362
919381922644
919494542654
918019608608
2348074201677
919392445542
918125456969
2348075008268
918143888678
2348075413885
919505332971
2348078679298
919492463597
918184957917
2348080115164
918186908101
2348080802658
917601095060
919515819787
918197687395
2348081060847
919535981189
918247808933
2348081134995
919550369284
918328409404
2348082023812
2348083388756
918340099606
2348085841332
919573696729
918341285104
2348085857514
919581737533
2348086535386
917985749117
918374107353
2348088698487
919599875162
918374452451
2348089096202
919599924232
918374600676
2348089577552
919666196969
918374809340
2348089732702
918008390980
918465913440
2348089770435
918501992074
2348092771385
918019402025
919618284867
918555955673
2348094049780
919624308511
918639049578
2348095660066
19163421989
919633255121
2348096353448
918096536904
19195371580
918686978399
2348100285401
918688869206
2348100346883
918712148729
2348100610791
919664697702
2348100652521
2348100890301
918897933475
2348100938688
918919527447
2348101748014
919813386362
2348101831403
919645504770
919818635484
918978986047
2348101868686
19454002478
919825284320
918978987915
2348101892045
918125195220
919827449667
918985685575
2348101915695
923400234191
919866044480
2348102322213
923407911924
919014196394
2348102681476
2348102842748
2348103182176
971528175839
19729005922
99470978070520
2348103248045
919032518041
2348103420345
971556717630
919904148557
919059141973
2348103515304
918501831022
919904221115
2348104042681
919946599531
2348104045603
919948999889
919121368461
2348104745995
919154745746
2348105034682
919980107380
919666321274
2348105053637
8801722156711
919980354254
2348105219855
919182486831
2348105310200
919989103678
919182826704
2348105324214
919989217206
919533908001
919182940771
2348105405466
919989355384
919347334791
2348105722187
2348106164194
919997439430
2348106187437
923023798968
919703650602
919381548054
2348106191309
919000885743
923039908338
919381598525
2348106327726
923048480236
919390001909
2348106683553
923084300940
919398354845
2348106895752
923087039264
919398536260
2348107686870
923101024466
919398608098
2348108339530
917338709726
919398921865
2348108577122
923124496788
919440748072
2348108785128
919076251778
917386079958
919441778185
2348109370927
923137969642
919491783138
2348109472052
919100724092
923153657839
919494997870
2348109898459
917416572899
923159680347
919502554882
2348117388691
923174724313
919505865042
2348120586696
923214513634
919533601642
2348122053665
923267610054
919550117559
2348122079475
923331543550
919550587765
2348123076025
923335934074
2348123426307
919553854912
2348125141839
919376224197
2348125486993
917675832881
923352855321
919618191364
2348125526384
919398565754
923364616983
919618310953
2348126799744
2348126952168
919640088671
2348127492433
919440415222
919652017851
2348127643874
919666092235
2348130058549
971552247527
2348130099106
919491162633
919676152780
2348130288071
919676612995
2348130416160
9779812670906
919700886971
2348130471513
919502080292
2348130588643
9779847261544
919948157542
2348130888082
9779848033333
919949119009
2348130923436
919959616464
2348130996390
9779849148924
919959931487
2348131098822
9779857012106
2348131219527
2348131245230
2348131286329
919640830183
919999935154
2348131651810
923331742653
2348131914360
971543796925
2348132042059
2348132136868
918179129466
9779812316424
2348132432452
9779818397315
2348132556477
9779861707108
2348133659335
2348133712822
2348133721746
2348134004020
2348134708380
2348135176676
919773503245
2348135184099
2348135765677
918463950833
2348135852594
919848657592
2348136519153
2348136670312
2348136777159
2348137782832
919908997995
2348137849979
918522958844
2348138063204
2348138146407
918555800794
2348138433019
2348138662043
2348138853852
2348139394085
2348139518650
2348140237875
2348140289848
2348140305250
2348140784379
918897198687
2348140831282
2348141299827
918985619217
2348141624297
919000316969
2348141647653
2348141672716
2348141806699
919014045484
2348142373198
2348143293777
2348143421612
2348143680615
2348144001416
2348144305899
2348144315845
2348144388584
2348144538705
2348144546377
2348144881477
2348145138108
2348145163262
2348145275676
2348145352168
2348145355355
2348145357580
2348145515714
2348145866628
2348146064887
2348146096081
2348146309693
2348147441072
919398376659
2348147484123
2348147827920
2348148050471
2348148064291
2348148157633
2348148181582
2348148197320
2348148405258
2348148574900
2348148593437
2348148880647
2348148889119
2348149142016
2348149201362
2348149535954
919502319219
2348149646767
2348149835918
2348149968223
919553173466
2348154009704
2348155850935
2348160238994
2348160322252
2348160625381
919603258392
2348160823052
2348160988492
2348161200698
2348161701013
919603998860
2348162231541
2348162498889
2348162579815
994555013595
919652331596
2348162936681
2348163382216
2348163383975
2348163385484
2348163508448
2348163690835
2348164073566
2348164214092
2348164302846
2348164539011
919704364494
2348164541430
2348164574466
2348164975343
2348165125101
2348165208141
2348165231852
2348165455324
919848669375
2348165550061
2348165715893
919885732345
2348165746504
2348165776501
919951411809
2348165873589
919951837076
2348166091157
2348166176185
2348166940837
2348167273089
2348167886680
2348168266720
2348168599168
2348168760251
919971028391
2348168791869
919985853432
2348169181708
2348169389435
2348169422103
2348169700015
2348173373855
2348174896112
2348175560834
2348182871489
2348185916924
2348186742316
2348189095164
2349011786325
2349011936598
2349013577854
2349013883120
2349016186832
2349016795379
2349017320445
2349018188842
2349018498049
2349019044178
2349019752554
2349020294325
2349021000885
2349021407551
2349021818851
2349022846998
2349022919953
2349023044469
2349023877410
2349024150079
2349024755626
2349024908790
2349026771688
2349027027837
2349027408004
2349028378241
2349028967975
2349029630162
2349029985149
2349030064286
2349030291020
2349030333322
2349030458499
2349030490677
2349031224096
2349031363611
2349031601358
2349031935904
2349031994950
2349032267961
2349032358221
2349032366060
2349032511394
2349032557259
2349032875844
2349032963958
2349033007130
2349033192757
2349033232858
2349033382784
2349033384816
2349034882556
2349036134641
2349036664714
2349036719971
2349036789086
2349036937764
2349037003365
2349038525100
2349038745994
2349039739996
2349043279960
2349043411806
2349043722560
2349047380590
2349048164430
2349049210673
2349050050027
2349054806412
2349060180236
2349060199708
2349060401035
2349060442430
2349060905393
2349061834791
2349061923661
2349063205250
2349063229092
2349063236099
2349063764160
2349064242107
2349064466370
2349064501334
994709780705
2349065087076
2349065479190
2349065674951
2349066165755
2349066374589
2349066604948
2349066711264
2349066798951
2349066867654
2349066900599
2349068007054
2349068342821
2349069339003
2349069566912
2349070893853
2349071378030
2349072074725
2349072120906
2349073310644
2349073501873
2349073600035
2349074322812
2349075672778
2349075838149
2349076094047
2349076475278
2349077090968
2349077403056
2349077669387
2349077700766
2349077895002
2349078485581
2349078701780
2349078780578
2349085869003
2349094711595
2349120998537
2349121685200
2349122185792
2349122515958
2349123586865
2349128586958
2349129256062
2349130329654
2349130742241
2349133651555
2349135661423
2349136366454
2349137904958
2349153704384
2349155847250
2349160030100
2349161834189
2349163478854
2349164051315
2349165751066
